3.32e+01 1.80e+01
1.09e+02 4.80e+01
1.49e+02 7.70e+01
2.03e+02 1.18e+02
2.24e+02 1.49e+02
2.55e+02 1.64e+02
2.25e+02 1.75e+02
2.44e+02 1.83e+02
2.36e+02 1.86e+02
2.54e+02 1.85e+02
2.45e+02 1.92e+02
2.59e+02 1.99e+02
2.58e+02 2.16e+02
2.53e+02 2.09e+02
2.68e+02 2.08e+02
2.65e+02 2.11e+02
2.53e+02 2.01e+02
2.26e+02 2.04e+02
2.68e+02 1.90e+02
2.32e+02 1.93e+02
2.59e+02 1.83e+02
2.38e+02 1.82e+02
2.23e+02 1.88e+02
2.62e+02 1.89e+02
2.58e+02 2.04e+02
2.76e+02 2.22e+02
2.48e+02 2.16e+02
2.15e+02 1.99e+02
2.77e+02 1.99e+02
2.47e+02 1.98e+02
2.50e+02 2.20e+02
2.50e+02 2.18e+02
2.55e+02 2.02e+02
2.45e+02 2.13e+02
2.75e+02 2.13e+02
2.31e+02 2.03e+02
2.77e+02 2.09e+02
2.69e+02 2.12e+02
2.55e+02 2.09e+02
2.55e+02 2.05e+02
2.27e+02 2.05e+02
2.37e+02 2.01e+02
2.27e+02 1.99e+02
2.45e+02 2.19e+02
2.31e+02 2.16e+02
2.88e+02 2.09e+02
2.61e+02 2.17e+02
2.55e+02 2.31e+02
2.50e+02 2.19e+02
2.60e+02 2.07e+02
2.54e+02 2.12e+02
2.90e+02 2.19e+02
2.51e+02 1.95e+02
2.33e+02 1.98e+02
2.51e+02 1.93e+02
2.30e+02 2.02e+02
2.67e+02 2.02e+02
2.61e+02 2.00e+02
2.75e+02 2.08e+02
2.37e+02 2.20e+02
5.06e+01 2.30e+01
1.28e+02 7.40e+01
1.81e+02 1.19e+02
2.98e+02 1.68e+02
2.84e+02 2.20e+02
2.69e+02 2.43e+02
3.29e+02 2.64e+02
2.83e+02 2.62e+02
3.14e+02 2.79e+02
3.09e+02 2.93e+02
3.14e+02 3.16e+02
3.48e+02 3.19e+02
3.35e+02 3.33e+02
3.00e+02 3.44e+02
3.21e+02 3.49e+02
3.17e+02 3.47e+02
3.34e+02 3.41e+02
3.41e+02 3.36e+02
3.51e+02 3.49e+02
3.32e+02 3.53e+02
3.29e+02 3.42e+02
3.08e+02 3.30e+02
2.95e+02 3.61e+02
2.81e+02 3.68e+02
3.62e+02 3.78e+02
3.17e+02 3.90e+02
3.45e+02 4.01e+02
3.59e+02 3.97e+02
3.00e+02 4.14e+02
3.33e+02 4.31e+02
3.35e+02 4.29e+02
3.30e+02 4.16e+02
3.34e+02 4.11e+02
3.28e+02 4.03e+02
3.55e+02 3.71e+02
3.25e+02 3.75e+02
3.34e+02 3.82e+02
3.88e+02 3.79e+02
3.14e+02 3.71e+02
3.31e+02 3.79e+02
3.31e+02 4.00e+02
2.99e+02 3.83e+02
3.13e+02 4.03e+02
3.22e+02 3.80e+02
2.95e+02 3.78e+02
3.26e+02 4.07e+02
3.62e+02 3.97e+02
3.54e+02 4.18e+02
3.46e+02 4.29e+02
3.22e+02 4.46e+02
3.05e+02 4.40e+02
3.49e+02 4.18e+02
3.36e+02 3.94e+02
3.41e+02 3.86e+02
3.23e+02 4.09e+02
3.24e+02 4.08e+02
3.04e+02 3.85e+02
3.32e+02 4.04e+02
3.10e+02 4.11e+02
3.50e+02 3.98e+02
5.06e+01 3.40e+01
1.25e+02 1.00e+02
2.20e+02 1.67e+02
3.10e+02 2.33e+02
3.56e+02 2.92e+02
3.39e+02 3.43e+02
4.37e+02 3.69e+02
3.70e+02 3.85e+02
3.81e+02 3.83e+02
3.71e+02 4.04e+02
4.43e+02 4.55e+02
3.85e+02 4.80e+02
3.93e+02 4.72e+02
3.98e+02 4.78e+02
3.46e+02 4.89e+02
3.54e+02 4.81e+02
3.71e+02 4.84e+02
3.00e+02 4.80e+02
3.98e+02 5.00e+02
3.65e+02 5.10e+02
3.99e+02 5.29e+02
4.33e+02 5.66e+02
3.89e+02 5.75e+02
4.02e+02 5.81e+02
3.86e+02 6.07e+02
3.57e+02 5.91e+02
3.89e+02 5.73e+02
3.66e+02 5.86e+02
4.09e+02 5.72e+02
3.56e+02 5.64e+02
3.87e+02 6.08e+02
4.00e+02 6.16e+02
3.87e+02 6.25e+02
4.23e+02 6.28e+02
3.80e+02 6.36e+02
4.03e+02 6.32e+02
4.07e+02 6.38e+02
3.62e+02 6.33e+02
3.77e+02 6.25e+02
3.93e+02 6.18e+02
3.72e+02 6.27e+02
3.98e+02 6.17e+02
4.62e+02 6.46e+02
3.73e+02 6.60e+02
3.60e+02 6.59e+02
3.26e+02 6.76e+02
3.74e+02 6.93e+02
4.10e+02 7.16e+02
4.08e+02 7.39e+02
3.64e+02 7.36e+02
3.37e+02 7.64e+02
3.46e+02 7.94e+02
4.06e+02 8.01e+02
4.42e+02 8.25e+02
3.92e+02 8.13e+02
4.92e+02 8.12e+02
4.75e+02 8.03e+02
4.24e+02 7.84e+02
4.15e+02 7.20e+02
3.90e+02 6.92e+02
7.06e+01 3.90e+01
1.54e+02 1.18e+02
2.57e+02 1.98e+02
3.08e+02 2.59e+02
3.35e+02 3.33e+02
3.53e+02 3.98e+02
3.91e+02 4.38e+02
3.61e+02 5.18e+02
4.53e+02 5.68e+02
4.49e+02 5.89e+02
4.60e+02 5.92e+02
4.36e+02 5.81e+02
3.90e+02 5.85e+02
4.23e+02 6.17e+02
4.08e+02 6.41e+02
4.53e+02 6.81e+02
4.40e+02 7.08e+02
4.02e+02 7.33e+02
4.17e+02 7.67e+02
4.27e+02 7.76e+02
3.72e+02 7.97e+02
3.75e+02 8.15e+02
4.22e+02 8.37e+02
4.13e+02 8.63e+02
4.00e+02 8.87e+02
3.84e+02 9.02e+02
3.49e+02 9.19e+02
3.10e+02 9.51e+02
3.92e+02 9.68e+02
3.88e+02 9.87e+02
3.74e+02 9.82e+02
3.97e+02 1.02e+03
3.98e+02 1.08e+03
3.35e+02 1.06e+03
4.28e+02 1.06e+03
3.97e+02 1.10e+03
3.40e+02 1.11e+03
4.03e+02 1.11e+03
3.76e+02 1.09e+03
3.97e+02 1.11e+03
3.73e+02 1.14e+03
3.97e+02 1.12e+03
3.68e+02 1.10e+03
3.99e+02 1.10e+03
3.76e+02 1.14e+03
3.43e+02 1.15e+03
4.21e+02 1.19e+03
3.56e+02 1.21e+03
3.91e+02 1.20e+03
3.77e+02 1.23e+03
3.32e+02 1.23e+03
3.57e+02 1.24e+03
3.66e+02 1.28e+03
3.62e+02 1.30e+03
3.66e+02 1.32e+03
3.19e+02 1.29e+03
3.12e+02 1.28e+03
3.69e+02 1.30e+03
4.09e+02 1.35e+03
3.94e+02 1.36e+03
7.43e+01 4.70e+01
1.97e+02 1.41e+02
2.57e+02 2.30e+02
3.43e+02 3.18e+02
3.63e+02 4.20e+02
4.00e+02 4.94e+02
4.24e+02 5.69e+02
4.45e+02 6.07e+02
4.78e+02 6.42e+02
4.64e+02 6.68e+02
4.28e+02 6.96e+02
4.08e+02 7.09e+02
4.29e+02 7.34e+02
4.00e+02 7.67e+02
4.43e+02 7.90e+02
3.91e+02 8.24e+02
3.79e+02 8.78e+02
3.45e+02 8.97e+02
3.93e+02 9.37e+02
4.02e+02 9.74e+02
3.54e+02 9.96e+02
4.18e+02 9.98e+02
4.32e+02 1.01e+03
4.29e+02 1.01e+03
4.79e+02 1.02e+03
4.44e+02 1.05e+03
3.83e+02 1.09e+03
4.18e+02 1.10e+03
4.42e+02 1.10e+03
4.08e+02 1.07e+03
4.42e+02 1.08e+03
4.26e+02 1.10e+03
4.04e+02 1.11e+03
4.44e+02 1.15e+03
3.74e+02 1.18e+03
4.20e+02 1.18e+03
4.32e+02 1.20e+03
4.54e+02 1.21e+03
4.12e+02 1.22e+03
3.97e+02 1.24e+03
4.28e+02 1.29e+03
4.48e+02 1.26e+03
4.18e+02 1.28e+03
3.87e+02 1.31e+03
4.07e+02 1.33e+03
3.82e+02 1.36e+03
3.78e+02 1.38e+03
3.90e+02 1.40e+03
3.43e+02 1.44e+03
3.73e+02 1.47e+03
3.91e+02 1.50e+03
4.06e+02 1.50e+03
3.80e+02 1.51e+03
3.97e+02 1.53e+03
4.18e+02 1.51e+03
3.97e+02 1.55e+03
4.20e+02 1.54e+03
3.60e+02 1.53e+03
3.82e+02 1.54e+03
3.51e+02 1.53e+03
8.49e+01 5.20e+01
2.14e+02 1.61e+02
2.95e+02 2.64e+02
3.68e+02 3.78e+02
3.87e+02 4.71e+02
4.03e+02 5.24e+02
3.94e+02 5.90e+02
4.48e+02 6.29e+02
4.62e+02 6.71e+02
4.34e+02 6.94e+02
4.68e+02 7.43e+02
4.00e+02 7.88e+02
4.57e+02 7.96e+02
4.02e+02 8.51e+02
4.52e+02 9.10e+02
4.62e+02 9.40e+02
4.41e+02 9.76e+02
3.78e+02 1.02e+03
3.42e+02 1.02e+03
3.93e+02 1.02e+03
4.17e+02 1.08e+03
3.90e+02 1.10e+03
4.52e+02 1.14e+03
4.02e+02 1.20e+03
4.58e+02 1.21e+03
3.44e+02 1.21e+03
3.49e+02 1.22e+03
3.67e+02 1.28e+03
4.19e+02 1.31e+03
4.45e+02 1.38e+03
4.71e+02 1.41e+03
4.42e+02 1.44e+03
4.48e+02 1.41e+03
4.32e+02 1.46e+03
4.74e+02 1.50e+03
3.83e+02 1.56e+03
4.45e+02 1.60e+03
4.63e+02 1.65e+03
4.57e+02 1.67e+03
3.81e+02 1.69e+03
4.01e+02 1.72e+03
3.55e+02 1.75e+03
3.31e+02 1.78e+03
3.47e+02 1.78e+03
3.18e+02 1.80e+03
3.11e+02 1.79e+03
3.32e+02 1.76e+03
3.71e+02 1.72e+03
4.22e+02 1.69e+03
4.24e+02 1.69e+03
4.28e+02 1.70e+03
3.89e+02 1.74e+03
4.14e+02 1.79e+03
4.13e+02 1.83e+03
3.81e+02 1.85e+03
4.19e+02 1.87e+03
3.47e+02 1.92e+03
3.73e+02 1.93e+03
3.28e+02 1.91e+03
3.62e+02 1.90e+03
9.96e+01 5.60e+01
2.09e+02 1.71e+02
3.16e+02 2.81e+02
3.67e+02 3.91e+02
4.15e+02 4.85e+02
3.77e+02 5.61e+02
4.09e+02 6.42e+02
4.54e+02 7.02e+02
4.58e+02 7.29e+02
4.51e+02 7.92e+02
4.10e+02 8.59e+02
4.05e+02 8.75e+02
4.34e+02 9.14e+02
4.49e+02 9.61e+02
3.99e+02 9.86e+02
4.31e+02 1.01e+03
4.23e+02 1.06e+03
4.61e+02 1.12e+03
4.95e+02 1.20e+03
4.92e+02 1.25e+03
4.25e+02 1.30e+03
3.73e+02 1.32e+03
3.80e+02 1.38e+03
3.62e+02 1.42e+03
3.40e+02 1.48e+03
3.89e+02 1.52e+03
3.74e+02 1.53e+03
3.81e+02 1.56e+03
4.55e+02 1.60e+03
3.82e+02 1.62e+03
4.53e+02 1.66e+03
4.53e+02 1.70e+03
3.94e+02 1.71e+03
4.17e+02 1.70e+03
3.97e+02 1.70e+03
4.06e+02 1.72e+03
3.97e+02 1.74e+03
4.28e+02 1.78e+03
4.34e+02 1.82e+03
4.17e+02 1.84e+03
4.01e+02 1.85e+03
4.06e+02 1.85e+03
3.92e+02 1.83e+03
3.98e+02 1.84e+03
4.19e+02 1.86e+03
3.57e+02 1.83e+03
3.75e+02 1.80e+03
4.23e+02 1.78e+03
3.60e+02 1.75e+03
3.55e+02 1.75e+03
3.76e+02 1.78e+03
3.59e+02 1.80e+03
3.80e+02 1.80e+03
3.45e+02 1.80e+03
3.49e+02 1.83e+03
3.90e+02 1.89e+03
3.51e+02 1.88e+03
3.52e+02 1.90e+03
3.41e+02 1.90e+03
3.96e+02 1.90e+03
9.47e+01 6.30e+01
2.24e+02 1.87e+02
3.17e+02 3.13e+02
3.80e+02 4.25e+02
4.09e+02 5.37e+02
4.09e+02 6.45e+02
4.12e+02 7.37e+02
3.76e+02 8.22e+02
4.52e+02 9.05e+02
4.78e+02 9.57e+02
4.59e+02 1.01e+03
5.11e+02 1.06e+03
4.88e+02 1.14e+03
4.48e+02 1.21e+03
4.98e+02 1.25e+03
4.02e+02 1.24e+03
4.66e+02 1.22e+03
4.38e+02 1.27e+03
3.40e+02 1.28e+03
3.48e+02 1.29e+03
3.75e+02 1.32e+03
3.51e+02 1.33e+03
3.80e+02 1.34e+03
4.07e+02 1.39e+03
4.12e+02 1.39e+03
4.28e+02 1.42e+03
4.33e+02 1.44e+03
4.45e+02 1.48e+03
4.60e+02 1.51e+03
4.71e+02 1.50e+03
3.86e+02 1.52e+03
4.28e+02 1.51e+03
4.07e+02 1.54e+03
4.26e+02 1.54e+03
4.26e+02 1.59e+03
4.20e+02 1.59e+03
4.03e+02 1.59e+03
4.00e+02 1.60e+03
4.43e+02 1.63e+03
4.60e+02 1.68e+03
5.54e+02 1.71e+03
3.96e+02 1.72e+03
4.21e+02 1.71e+03
3.78e+02 1.72e+03
3.78e+02 1.68e+03
4.42e+02 1.71e+03
4.65e+02 1.73e+03
5.00e+02 1.74e+03
4.07e+02 1.77e+03
3.68e+02 1.80e+03
3.88e+02 1.82e+03
3.94e+02 1.83e+03
4.40e+02 1.85e+03
4.66e+02 1.90e+03
4.24e+02 1.92e+03
3.74e+02 1.92e+03
5.00e+02 1.95e+03
4.88e+02 1.99e+03
3.78e+02 1.99e+03
3.89e+02 1.99e+03
9.43e+01 7.00e+01
2.13e+02 2.11e+02
3.57e+02 3.52e+02
4.42e+02 4.86e+02
4.43e+02 5.70e+02
4.24e+02 6.32e+02
4.19e+02 6.78e+02
4.12e+02 7.36e+02
3.89e+02 7.77e+02
4.38e+02 8.22e+02
4.18e+02 8.69e+02
4.34e+02 9.27e+02
4.21e+02 9.77e+02
3.89e+02 1.06e+03
4.45e+02 1.14e+03
4.63e+02 1.19e+03
4.68e+02 1.26e+03
3.97e+02 1.31e+03
4.63e+02 1.37e+03
4.34e+02 1.38e+03
4.26e+02 1.41e+03
4.02e+02 1.42e+03
4.35e+02 1.43e+03
4.06e+02 1.44e+03
3.72e+02 1.49e+03
3.86e+02 1.50e+03
4.38e+02 1.52e+03
4.38e+02 1.56e+03
4.81e+02 1.59e+03
4.28e+02 1.64e+03
4.51e+02 1.70e+03
4.28e+02 1.78e+03
4.34e+02 1.80e+03
4.49e+02 1.82e+03
4.65e+02 1.80e+03
4.27e+02 1.77e+03
4.10e+02 1.78e+03
4.53e+02 1.80e+03
4.31e+02 1.86e+03
3.94e+02 1.89e+03
3.88e+02 1.91e+03
4.08e+02 1.92e+03
4.55e+02 1.92e+03
3.92e+02 1.93e+03
4.25e+02 1.97e+03
4.61e+02 1.97e+03
4.48e+02 1.97e+03
5.16e+02 1.98e+03
4.26e+02 1.97e+03
4.27e+02 1.98e+03
4.26e+02 1.99e+03
3.73e+02 2.02e+03
3.61e+02 2.05e+03
4.14e+02 2.07e+03
4.63e+02 2.02e+03
4.15e+02 1.98e+03
4.10e+02 1.95e+03
3.95e+02 1.97e+03
4.45e+02 1.98e+03
4.27e+02 2.00e+03
1.00e+02 7.10e+01
2.25e+02 2.21e+02
3.42e+02 3.76e+02
4.04e+02 5.06e+02
3.90e+02 6.07e+02
3.79e+02 7.04e+02
3.97e+02 7.60e+02
3.94e+02 8.02e+02
4.17e+02 8.55e+02
4.14e+02 8.90e+02
3.80e+02 9.43e+02
3.68e+02 9.88e+02
3.96e+02 1.04e+03
3.66e+02 1.11e+03
3.43e+02 1.16e+03
3.23e+02 1.25e+03
3.00e+02 1.32e+03
3.01e+02 1.38e+03
3.23e+02 1.44e+03
2.92e+02 1.47e+03
2.85e+02 1.50e+03
2.90e+02 1.53e+03
2.96e+02 1.57e+03
2.87e+02 1.60e+03
3.01e+02 1.60e+03
3.52e+02 1.63e+03
3.71e+02 1.66e+03
3.73e+02 1.69e+03
3.28e+02 1.72e+03
3.25e+02 1.76e+03
3.51e+02 1.77e+03
3.63e+02 1.76e+03
3.44e+02 1.74e+03
3.51e+02 1.75e+03
3.75e+02 1.79e+03
3.23e+02 1.83e+03
3.92e+02 1.88e+03
4.00e+02 1.93e+03
3.69e+02 1.97e+03
3.57e+02 2.00e+03
3.57e+02 2.03e+03
3.56e+02 2.04e+03
3.44e+02 2.06e+03
3.53e+02 2.08e+03
3.56e+02 2.08e+03
3.18e+02 2.08e+03
3.07e+02 2.08e+03
2.93e+02 2.08e+03
3.58e+02 2.10e+03
3.77e+02 2.06e+03
3.77e+02 2.01e+03
3.45e+02 2.02e+03
3.12e+02 2.00e+03
3.25e+02 1.98e+03
3.69e+02 1.98e+03
3.75e+02 1.96e+03
3.66e+02 1.94e+03
3.42e+02 1.93e+03
3.41e+02 1.92e+03
2.95e+02 1.96e+03
